{'units': {
    'distance': 0.059999999999999998, 
    'mass': 0.40000000000000002, 
    'time': 1.0}, 
 'world': {
     'gravity': 163.5}, 
 'robot': {
     'brain': {
         'alpha': 0.5, 
         'gamma': 1.0, 
         'epsilon': 0.7},
     'steps': 100, 
     'module': {
         'link': {
             'color': (0, 0, 255), 
             'lengths': (1.0, 0.20000000000000001, 0.20000000000000001), 
             'mass': 0.29999999999999999, 
             'motor': {
                 'motorfmax': 875.0, 
                 'velocityThreshold': 5.0, 
                 'lostop': -90, 
                 'histop': 90, 
                 'controller': {
                     'Ki': 0.0, 
                     'Kp': 0.10000000000000001, 
                     'Kd': 0.0}, 
             'timeout': 5.0}}, 
     'block': {
         'lengths': (1.0, 1.0, 1.0), 
         'active': {
             'color': (255, 0, 0), 
             'baseAngle': 90, 
             'mass': 0.29999999999999999}, 
         'nearThreshold': 0.050000000000000003, 
         'sensor': {
             'buckets': 40, 
             'effective_range': 20.0}, 
         'passive': {
             'color': (0, 255, 0), 
             'baseAngle': -90, 
             'mass': 0.40000000000000002}}, 
     'axis': (1, 0, 0)}}, 
 'simulator': {
     'substeps': 10, 
     'erp': 0.8, 
     'cfm': 0.00000001}}
